0.697635 9.313262 9.347259 1.221734 1.005375 0.129225 0.192337 81.903392
0.951826 7.656789 9.421085 1.352106 1.353434 0.026743 0.128227 122.675438
0.386436 12.006519 15.780985 1.207381 1.296758 0.114423 0.095777 127.359235
0.972074 11.481064 9.203875 1.916816 1.567081 0.016974 0.085993 112.082747
0.931110 8.298226 16.949857 1.846458 1.157410 0.115693 0.106105 128.023537
1.118766 11.909882 8.857662 1.768227 1.177239 0.018117 0.129542 127.580952
1.083256 7.491346 8.873379 2.018479 1.412537 0.098374 0.089002 97.092801
0.865149 8.028951 8.699599 1.460530 0.848162 0.170251 0.095619 132.349932
0.883047 11.636663 9.496309 1.049816 1.079836 0.046557 0.070325 156.732553
0.373474 8.522960 16.311385 1.655956 0.987694 0.066783 0.199204 137.536712
0.775073 11.336448 16.020393 1.307051 0.775280 0.021647 0.138511 157.346393
0.810042 7.470717 8.764125 1.454676 1.835275 0.106735 0.058369 143.140686
1.230219 11.304546 9.710297 1.868176 0.942616 0.021625 0.094414 152.401447
1.156635 11.550849 16.746930 1.533554 0.918025 0.152100 0.148824 122.275655
1.196737 17.311043 16.585870 2.461293 0.756409 0.026618 0.198894 102.865749
0.763287 7.571095 9.646607 1.257528 1.620697 0.089929 0.099818 147.707354
0.378056 19.659008 8.844775 1.342788 1.292658 0.102860 0.102558 122.673327
0.995535 15.353696 15.945006 1.650773 0.953459 0.162129 0.159184 152.828764
0.495363 16.261115 8.931286 1.187564 1.571865 0.034839 0.050355 87.055645
0.714909 7.178698 8.884142 1.005337 1.548928 0.082412 0.098950 117.576310
0.886756 15.342710 9.068193 2.275728 0.837258 0.056441 0.122825 127.600909
0.408213 19.486507 9.624815 2.441185 1.282109 0.095008 0.091438 106.947480
0.651319 8.101304 8.232257 1.141497 1.021333 0.097585 0.100891 107.605651
1.196480 15.393988 16.451367 1.607276 1.023415 0.100801 0.100587 131.933536
0.806953 8.097829 16.904723 0.830886 1.045038 0.185716 0.102050 112.703210
0.889633 15.085321 8.644501 1.071709 0.797734 0.189328 0.170327 113.433479
0.970840 14.996217 16.323033 1.875685 0.791090 0.176068 0.111693 118.287171
0.671539 18.831099 16.780315 1.773902 0.849015 0.142626 0.193779 147.646776
0.447813 11.639496 16.667951 1.157774 1.550831 0.116286 0.097749 142.826937
1.207284 11.097424 16.169080 1.343047 1.440836 0.182106 0.080331 137.938272
0.505831 11.433786 16.580580 2.131349 1.337837 0.112445 0.108156 107.617475
1.082605 8.280602 16.596405 1.031964 1.107499 0.086807 0.086294 151.775162
0.932219 11.844875 9.775502 1.487303 1.349241 0.068083 0.093654 137.772808
0.922774 19.400531 15.835573 2.070203 1.340800 0.133566 0.062931 132.334195
0.710654 15.183178 9.701697 1.579214 1.300497 0.014899 0.051584 143.158742
0.778823 8.074866 16.509129 1.882467 1.368438 0.029610 0.054562 122.012409
0.917636 7.861862 15.993038 1.613828 1.635492 0.199190 0.099951 157.151598
0.575676 7.300647 8.638044 1.204809 1.914261 0.126620 0.069155 112.406852
1.020987 10.866531 9.144391 1.472663 0.967600 0.064560 0.196487 102.361697
0.375690 15.444395 16.529835 1.217474 1.194387 0.012900 0.125416 157.394368
0.397260 18.775622 16.383454 0.913521 1.242806 0.178922 0.060972 151.823913
0.525103 14.927507 17.002255 1.595385 0.808044 0.165051 0.137161 122.312467
0.777443 12.079589 9.122599 1.377760 0.883369 0.158761 0.118354 107.632121
1.077535 15.522780 16.789927 2.108112 0.961903 0.081505 0.092051 127.313007
1.022450 19.791349 9.095392 1.461002 0.892825 0.090829 0.179609 142.127137
0.571920 8.343178 9.141343 2.288719 1.621993 0.011254 0.060666 137.086176
1.063229 7.179797 16.432257 1.932831 1.313863 0.102986 0.094128 142.382000
0.691876 11.376457 16.885969 1.455788 0.890702 0.081911 0.095754 117.770347
0.391983 15.753023 16.041845 1.773162 1.104308 0.198830 0.104795 88.678299
0.854434 11.492162 8.665660 1.955452 1.930707 0.039798 0.053589 97.638580
1.305565 15.596148 9.362556 1.412554 0.923325 0.131044 0.129607 137.705598
1.135212 19.304935 16.195636 2.334357 1.061654 0.114460 0.065947 156.808666
0.345208 17.224778 16.791233 1.826196 1.264273 0.165644 0.075614 92.859856
0.461506 17.386699 8.969164 1.962234 1.113810 0.083253 0.131722 92.410269
0.456016 15.184593 17.165903 2.188334 1.491552 0.165806 0.067172 137.156472
0.608003 18.704953 9.209218 1.308928 1.248389 0.125325 0.113750 146.664736
0.539500 19.217869 16.707605 1.973164 1.190989 0.040860 0.070280 117.531583
0.641939 9.301137 14.566977 1.412358 1.048910 0.076021 0.072476 92.832250
1.005247 16.863893 9.903656 1.472706 1.339159 0.179070 0.056209 102.607315
0.999646 8.850726 14.205242 1.626975 0.901602 0.082914 0.176853 83.583066
0.752519 18.764982 10.172131 1.698470 1.447259 0.154435 0.077911 127.657090
0.939457 15.062916 9.540779 2.791125 0.826329 0.134590 0.121918 82.655142
0.395713 15.259946 17.288254 1.521765 1.253912 0.146594 0.070388 82.193292
0.937037 16.817449 16.125873 1.806681 0.809824 0.044918 0.155700 98.902802
0.500693 10.945342 10.834265 0.962805 1.352725 0.041646 0.069976 122.948255
0.450406 19.069253 8.387674 2.095188 1.349193 0.033290 0.101665 137.675818
0.659089 8.970777 10.355753 0.931957 0.960349 0.019409 0.151455 87.605141
0.320406 9.460387 17.882413 1.375217 1.097912 0.106136 0.122471 82.849894
1.000827 7.510654 8.800447 1.331058 1.564357 0.010794 0.057679 156.810736
0.391266 15.493186 11.031017 2.007001 1.227277 0.128415 0.129957 151.780329
0.328429 9.300041 17.630597 1.620947 0.919968 0.166964 0.098169 93.062565
0.870592 16.254425 9.095625 1.342095 1.472190 0.138366 0.080954 147.154986
1.184523 12.035306 16.514661 2.056049 0.811404 0.082031 0.159604 113.254167
0.462071 19.228462 16.213808 1.657980 1.503980 0.020972 0.087271 141.904599
0.982013 19.173778 8.965013 1.489994 1.093531 0.134040 0.112973 132.463239
0.513941 19.684509 15.745179 2.760712 1.410123 0.161489 0.061762 107.344507
0.899317 15.407098 16.725155 0.929042 0.794896 0.170386 0.140969 107.299085
1.268671 15.297541 8.399656 1.029389 1.627296 0.095091 0.061244 117.443026
0.466301 7.336599 9.067437 1.921374 1.097928 0.166120 0.094433 102.661158
0.887384 19.418774 8.882034 2.730796 1.712282 0.158145 0.055863 117.538202
1.244509 18.360788 15.621379 1.947077 1.012158 0.067267 0.096894 112.356139
0.759157 8.209753 16.772861 1.516050 1.027815 0.072721 0.151900 147.498909
0.425271 14.737417 16.265889 1.179618 1.523165 0.119028 0.058366 111.783196
0.886088 11.195111 16.129688 1.900100 1.463354 0.100362 0.100853 132.815567
0.604770 16.012322 17.692389 1.865925 1.070770 0.046869 0.091438 141.795120
0.889165 19.349535 9.399948 2.584549 1.388252 0.180082 0.052471 157.731963
1.183717 11.449842 8.590632 1.009466 1.266165 0.150997 0.064354 142.495943
0.414630 19.401055 17.302544 1.719225 1.143708 0.084279 0.132046 127.069197
1.186870 19.321368 10.899825 1.922100 1.066231 0.077951 0.148954 151.707611
0.944925 8.129221 9.369743 0.914227 1.754806 0.179085 0.050913 127.482988
0.604616 11.457008 15.668683 1.880132 1.122457 0.035784 0.055944 102.999796
0.631216 18.809367 16.154344 2.489642 1.262208 0.178579 0.093486 137.367861
0.529052 8.141517 17.999351 2.138593 1.303283 0.161167 0.067581 87.815257
0.818019 8.317975 16.575439 2.017789 1.321764 0.070883 0.071979 102.200880
0.760659 12.259519 16.696478 1.585632 1.799977 0.028875 0.050736 97.959953
0.603851 11.628711 9.029578 1.569786 1.149416 0.135557 0.073239 117.013749
0.574993 18.029499 9.588415 1.471328 1.270420 0.093911 0.063998 97.646695
1.098173 7.858588 11.233152 1.455271 1.487952 0.137903 0.067861 152.392313
1.145665 18.674542 9.417881 2.112365 1.109062 0.169674 0.120901 112.725221
1.163573 8.395049 16.522062 1.516947 1.014515 0.101651 0.115426 107.410766
0.819616 11.840308 16.709076 1.674863 1.376274 0.089817 0.052367 152.861825
1.030718 15.292126 8.712773 2.519604 1.013201 0.052830 0.162349 122.521282
0.774680 11.799490 9.214230 1.726294 0.926514 0.073207 0.093272 147.447797
0.661839 11.314813 9.111177 1.851010 1.088797 0.057400 0.063995 91.988870
0.598889 15.067830 9.797339 1.556096 1.245279 0.109904 0.061717 132.709842
0.733431 15.297825 9.876470 1.548941 1.459781 0.040787 0.078260 107.004649
0.542312 15.783831 10.982198 1.403370 0.995596 0.042680 0.139496 157.679321
0.666602 14.975665 10.038726 1.262160 1.146261 0.184715 0.068857 98.089586
0.794135 10.870548 11.447203 1.688521 1.785504 0.056652 0.077252 132.758289
0.945927 8.015158 8.708903 1.399506 1.074994 0.192289 0.140069 92.467625
0.679590 11.502242 16.273504 1.193576 1.008835 0.172101 0.072946 147.070107
0.780753 7.736225 18.127208 0.903954 1.242180 0.034807 0.096008 132.195460
0.820009 7.442796 16.053298 2.005892 0.799140 0.187797 0.182093 97.557403
0.915977 15.427097 7.380783 1.469613 1.068501 0.089165 0.155207 152.899965
0.450470 7.998044 14.684374 1.588149 1.460142 0.148276 0.115353 117.651046
1.233063 18.945602 16.721238 2.244835 1.176396 0.104393 0.078849 123.153346
0.393685 11.071462 7.436407 0.995866 1.329654 0.085805 0.069767 122.351975
1.056448 19.304288 8.065949 1.377405 1.704358 0.040261 0.064067 151.894775
1.005394 7.604238 14.955893 1.454884 1.494893 0.140325 0.063925 132.226641
0.869028 8.134099 18.916002 1.350690 1.582528 0.028880 0.056561 117.340443
0.683997 16.180270 7.090405 1.103853 1.141236 0.123808 0.105109 157.607771
1.220389 9.437756 14.753636 1.183380 0.913759 0.141397 0.086167 87.901137
0.909213 11.632359 7.932404 1.651824 0.696000 0.021221 0.176143 132.629008
0.717249 7.692676 7.232089 1.086934 1.883334 0.167189 0.080056 152.146556
0.449713 15.705333 14.142584 1.967221 1.028697 0.024093 0.115587 147.172386
0.832849 15.610842 13.728073 2.037355 1.144731 0.197707 0.146523 142.316901
0.586556 8.820458 7.372582 1.972513 1.043901 0.041479 0.185613 88.216533
0.938196 16.052109 18.048706 1.004606 1.504610 0.169642 0.072803 147.509498
